   1.0000000e+00  -1.0174843e+00  -1.0812225e+00  -1.0000000e+00
   2.0000000e+00  -4.5391558e-01  -1.2822149e-01  -2.4398316e-01
   3.0000000e+00  -4.6059872e-01  -6.7237923e-02  -1.6379886e-01
   4.0000000e+00  -4.5309444e-01  -5.5499093e-02  -1.1738574e-01
   5.0000000e+00  -4.6928802e-01  -5.2118844e-02  -9.4729633e-02
   6.0000000e+00  -5.0250864e-01  -4.9400247e-02  -8.2798997e-02
   7.0000000e+00  -5.4461057e-01  -4.6511227e-02  -7.5661973e-02
   8.0000000e+00  -5.9099136e-01  -4.3533330e-02  -7.0876960e-02
   9.0000000e+00  -6.3929293e-01  -4.0574433e-02  -6.7382243e-02
   1.0000000e+01  -6.8826078e-01  -3.7696411e-02  -6.4667126e-02
   1.1000000e+01  -7.3715675e-01  -3.4933543e-02  -6.2457221e-02
   1.2000000e+01  -7.8549164e-01  -3.2306343e-02  -6.0590006e-02
   1.3000000e+01  -8.3290879e-01  -2.9827453e-02  -5.8961962e-02
   1.4000000e+01  -8.7913342e-01  -2.7503986e-02  -5.7503906e-02
   1.5000000e+01  -9.2394969e-01  -2.5338734e-02  -5.6168242e-02
   1.6000000e+01  -9.6718906e-01  -2.3331053e-02  -5.4921701e-02
   1.7000000e+01  -1.0087235e+00  -2.1477633e-02  -5.3740879e-02
   1.8000000e+01  -1.0484605e+00  -1.9773171e-02  -5.2609330e-02
   1.9000000e+01  -1.0863395e+00  -1.8210945e-02  -5.1515594e-02
   2.0000000e+01  -1.1223277e+00  -1.6783281e-02  -5.0451814e-02
   2.1000000e+01  -1.1564172e+00  -1.5481933e-02  -4.9412744e-02
   2.2000000e+01  -1.1886217e+00  -1.4298375e-02  -4.8395026e-02
   2.3000000e+01  -1.2189730e+00  -1.3224031e-02  -4.7396659e-02
   2.4000000e+01  -1.2475181e+00  -1.2250448e-02  -4.6416594e-02
   2.5000000e+01  -1.2743164e+00  -1.1369421e-02  -4.5454440e-02
   2.6000000e+01  -1.2994371e+00  -1.0573091e-02  -4.4510240e-02
   2.7000000e+01  -1.3229563e+00  -9.8540048e-03  -4.3584303e-02
   2.8000000e+01  -1.3449552e+00  -9.2051531e-03  -4.2677085e-02
   2.9000000e+01  -1.3655182e+00  -8.6199962e-03  -4.1789098e-02
   3.0000000e+01  -1.3847310e+00  -8.0924688e-03  -4.0920852e-02
   3.1000000e+01  -1.4026793e+00  -7.6169763e-03  -4.0072805e-02
   3.2000000e+01  -1.4194476e+00  -7.1883830e-03  -3.9245346e-02
   3.3000000e+01  -1.4351185e+00  -6.8019936e-03  -3.8438771e-02
   3.4000000e+01  -1.4497718e+00  -6.4535307e-03  -3.7653280e-02
   3.5000000e+01  -1.4634840e+00  -6.1391097e-03  -3.6888976e-02
   3.6000000e+01  -1.4763279e+00  -5.8552122e-03  -3.6145868e-02
   3.7000000e+01  -1.4883726e+00  -5.5986592e-03  -3.5423873e-02
   3.8000000e+01  -1.4996830e+00  -5.3665837e-03  -3.4722831e-02
   3.9000000e+01  -1.5103200e+00  -5.1564052e-03  -3.4042508e-02
   4.0000000e+01  -1.5203405e+00  -4.9658039e-03  -3.3382607e-02
   4.1000000e+01  -1.5297975e+00  -4.7926976e-03  -3.2742777e-02
   4.2000000e+01  -1.5387402e+00  -4.6352193e-03  -3.2122622e-02
   4.3000000e+01  -1.5472139e+00  -4.4916962e-03  -3.1521708e-02
   4.4000000e+01  -1.5552606e+00  -4.3606312e-03  -3.0939571e-02
   4.5000000e+01  -1.5629191e+00  -4.2406852e-03  -3.0375725e-02
   4.6000000e+01  -1.5702248e+00  -4.1306611e-03  -2.9829666e-02
   4.7000000e+01  -1.5772104e+00  -4.0294892e-03  -2.9300878e-02
   4.8000000e+01  -1.5839058e+00  -3.9362144e-03  -2.8788839e-02
   4.9000000e+01  -1.5903384e+00  -3.8499839e-03  -2.8293024e-02
   5.0000000e+01  -1.5965331e+00  -3.7700368e-03  -2.7812905e-02
   5.1000000e+01  -1.6025129e+00  -3.6956940e-03  -2.7347963e-02
   5.2000000e+01  -1.6082983e+00  -3.6263503e-03  -2.6897680e-02
   5.3000000e+01  -1.6139085e+00  -3.5614658e-03  -2.6461548e-02
   5.4000000e+01  -1.6193607e+00  -3.5005594e-03  -2.6039069e-02
   5.5000000e+01  -1.6246704e+00  -3.4432022e-03  -2.5629754e-02
   5.6000000e+01  -1.6298519e+00  -3.3890124e-03  -2.5233126e-02
   5.7000000e+01  -1.6349180e+00  -3.3376497e-03  -2.4848723e-02
   5.8000000e+01  -1.6398805e+00  -3.2888115e-03  -2.4476093e-02
   5.9000000e+01  -1.6447497e+00  -3.2422280e-03  -2.4114801e-02
   6.0000000e+01  -1.6495354e+00  -3.1976595e-03  -2.3764423e-02
   6.1000000e+01  -1.6542460e+00  -3.1548927e-03  -2.3424550e-02
   6.2000000e+01  -1.6588893e+00  -3.1137380e-03  -2.3094789e-02
   6.3000000e+01  -1.6634723e+00  -3.0740268e-03  -2.2774758e-02
   6.4000000e+01  -1.6680013e+00  -3.0356095e-03  -2.2464090e-02
   6.5000000e+01  -1.6724818e+00  -2.9983532e-03  -2.2162433e-02
   6.6000000e+01  -1.6769188e+00  -2.9621400e-03  -2.1869446e-02
   6.7000000e+01  -1.6813170e+00  -2.9268653e-03  -2.1584804e-02
   6.8000000e+01  -1.6856803e+00  -2.8924365e-03  -2.1308191e-02
   6.9000000e+01  -1.6900123e+00  -2.8587714e-03  -2.1039308e-02
   7.0000000e+01  -1.6943161e+00  -2.8257976e-03  -2.0777864e-02
   7.1000000e+01  -1.6985947e+00  -2.7934507e-03  -2.0523581e-02
   7.2000000e+01  -1.7028504e+00  -2.7616741e-03  -2.0276193e-02
   7.3000000e+01  -1.7070854e+00  -2.7304177e-03  -2.0035445e-02
   7.4000000e+01  -1.7113018e+00  -2.6996374e-03  -1.9801092e-02
   7.5000000e+01  -1.7155011e+00  -2.6692944e-03  -1.9572897e-02
   7.6000000e+01  -1.7196848e+00  -2.6393545e-03  -1.9350637e-02
   7.7000000e+01  -1.7238542e+00  -2.6097878e-03  -1.9134095e-02
   7.8000000e+01  -1.7280104e+00  -2.5805679e-03  -1.8923064e-02
   7.9000000e+01  -1.7321542e+00  -2.5516718e-03  -1.8717346e-02
   8.0000000e+01  -1.7362865e+00  -2.5230796e-03  -1.8516750e-02
   8.1000000e+01  -1.7404079e+00  -2.4947735e-03  -1.8321094e-02
   8.2000000e+01  -1.7445188e+00  -2.4667386e-03  -1.8130204e-02
   8.3000000e+01  -1.7486198e+00  -2.4389615e-03  -1.7943911e-02
   8.4000000e+01  -1.7527112e+00  -2.4114308e-03  -1.7762056e-02
   8.5000000e+01  -1.7567931e+00  -2.3841367e-03  -1.7584485e-02
   8.6000000e+01  -1.7608658e+00  -2.3570708e-03  -1.7411049e-02
   8.7000000e+01  -1.7649294e+00  -2.3302259e-03  -1.7241607e-02
   8.8000000e+01  -1.7689838e+00  -2.3035958e-03  -1.7076023e-02
   8.9000000e+01  -1.7730291e+00  -2.2771754e-03  -1.6914167e-02
   9.0000000e+01  -1.7770652e+00  -2.2509603e-03  -1.6755915e-02
   9.1000000e+01  -1.7810920e+00  -2.2249469e-03  -1.6601145e-02
   9.2000000e+01  -1.7851093e+00  -2.1991322e-03  -1.6449744e-02
   9.3000000e+01  -1.7891171e+00  -2.1735138e-03  -1.6301600e-02
   9.4000000e+01  -1.7931149e+00  -2.1480897e-03  -1.6156607e-02
   9.5000000e+01  -1.7971028e+00  -2.1228584e-03  -1.6014664e-02
   9.6000000e+01  -1.8010803e+00  -2.0978186e-03  -1.5875673e-02
   9.7000000e+01  -1.8050472e+00  -2.0729696e-03  -1.5739539e-02
   9.8000000e+01  -1.8090033e+00  -2.0483106e-03  -1.5606173e-02
   9.9000000e+01  -1.8129483e+00  -2.0238413e-03  -1.5475487e-02
   1.0000000e+02  -1.8168817e+00  -1.9995615e-03  -1.5347398e-02
   1.0100000e+02  -1.8208034e+00  -1.9754711e-03  -1.5221826e-02
   1.0200000e+02  -1.8247130e+00  -1.9515702e-03  -1.5098694e-02
   1.0300000e+02  -1.8286102e+00  -1.9278589e-03  -1.4977927e-02
   1.0400000e+02  -1.8324947e+00  -1.9043375e-03  -1.4859455e-02
   1.0500000e+02  -1.8363660e+00  -1.8810063e-03  -1.4743207e-02
   1.0600000e+02  -1.8402240e+00  -1.8578657e-03  -1.4629119e-02
   1.0700000e+02  -1.8440681e+00  -1.8349161e-03  -1.4517126e-02
   1.0800000e+02  -1.8478982e+00  -1.8121578e-03  -1.4407167e-02
   1.0900000e+02  -1.8517139e+00  -1.7895912e-03  -1.4299183e-02
   1.1000000e+02  -1.8555148e+00  -1.7672168e-03  -1.4193117e-02
   1.1100000e+02  -1.8593007e+00  -1.7450351e-03  -1.4088914e-02
   1.1200000e+02  -1.8630711e+00  -1.7230462e-03  -1.3986521e-02
   1.1300000e+02  -1.8668259e+00  -1.7012507e-03  -1.3885888e-02
   1.1400000e+02  -1.8705646e+00  -1.6796489e-03  -1.3786964e-02
   1.1500000e+02  -1.8742869e+00  -1.6582410e-03  -1.3689703e-02
   1.1600000e+02  -1.8779926e+00  -1.6370273e-03  -1.3594059e-02
   1.1700000e+02  -1.8816814e+00  -1.6160080e-03  -1.3499988e-02
   1.1800000e+02  -1.8853529e+00  -1.5951834e-03  -1.3407447e-02
   1.1900000e+02  -1.8890069e+00  -1.5745535e-03  -1.3316394e-02
   1.2000000e+02  -1.8926431e+00  -1.5541185e-03  -1.3226791e-02
   1.2100000e+02  -1.8962612e+00  -1.5338784e-03  -1.3138599e-02
   1.2200000e+02  -1.8998610e+00  -1.5138331e-03  -1.3051780e-02
   1.2300000e+02  -1.9034422e+00  -1.4939827e-03  -1.2966299e-02
   1.2400000e+02  -1.9070045e+00  -1.4743270e-03  -1.2882122e-02
   1.2500000e+02  -1.9105477e+00  -1.4548659e-03  -1.2799214e-02
   1.2600000e+02  -1.9140716e+00  -1.4355992e-03  -1.2717543e-02
   1.2700000e+02  -1.9175759e+00  -1.4165266e-03  -1.2637079e-02
   1.2800000e+02  -1.9210604e+00  -1.3976479e-03  -1.2557791e-02
   1.2900000e+02  -1.9245249e+00  -1.3789627e-03  -1.2479649e-02
   1.3000000e+02  -1.9279692e+00  -1.3604707e-03  -1.2402626e-02
   1.3100000e+02  -1.9313930e+00  -1.3421713e-03  -1.2326694e-02
   1.3200000e+02  -1.9347962e+00  -1.3240642e-03  -1.2251826e-02
   1.3300000e+02  -1.9381787e+00  -1.3061488e-03  -1.2177997e-02
   1.3400000e+02  -1.9415401e+00  -1.2884245e-03  -1.2105181e-02
   1.3500000e+02  -1.9448804e+00  -1.2708908e-03  -1.2033356e-02
   1.3600000e+02  -1.9481994e+00  -1.2535470e-03  -1.1962497e-02
   1.3700000e+02  -1.9514969e+00  -1.2363924e-03  -1.1892581e-02
   1.3800000e+02  -1.9547728e+00  -1.2194264e-03  -1.1823588e-02
   1.3900000e+02  -1.9580269e+00  -1.2026480e-03  -1.1755495e-02
   1.4000000e+02  -1.9612591e+00  -1.1860567e-03  -1.1688283e-02
   1.4100000e+02  -1.9644693e+00  -1.1696514e-03  -1.1621930e-02
   1.4200000e+02  -1.9676573e+00  -1.1534315e-03  -1.1556419e-02
   1.4300000e+02  -1.9708230e+00  -1.1373959e-03  -1.1491730e-02
   1.4400000e+02  -1.9739663e+00  -1.1215437e-03  -1.1427844e-02
   1.4500000e+02  -1.9770872e+00  -1.1058741e-03  -1.1364745e-02
   1.4600000e+02  -1.9801855e+00  -1.0903860e-03  -1.1302415e-02
   1.4700000e+02  -1.9832611e+00  -1.0750784e-03  -1.1240837e-02
   1.4800000e+02  -1.9863139e+00  -1.0599503e-03  -1.1179996e-02
   1.4900000e+02  -1.9893439e+00  -1.0450006e-03  -1.1119876e-02
   1.5000000e+02  -1.9923510e+00  -1.0302282e-03  -1.1060461e-02
   1.5100000e+02  -1.9953352e+00  -1.0156321e-03  -1.1001737e-02
   1.5200000e+02  -1.9982963e+00  -1.0012110e-03  -1.0943689e-02
   1.5300000e+02  -2.0012343e+00  -9.8696387e-04  -1.0886304e-02
   1.5400000e+02  -2.0041492e+00  -9.7288951e-04  -1.0829568e-02
   1.5500000e+02  -2.0070410e+00  -9.5898673e-04  -1.0773467e-02
   1.5600000e+02  -2.0099095e+00  -9.4525432e-04  -1.0717990e-02
   1.5700000e+02  -2.0127548e+00  -9.3169105e-04  -1.0663123e-02
   1.5800000e+02  -2.0155769e+00  -9.1829568e-04  -1.0608855e-02
   1.5900000e+02  -2.0183757e+00  -9.0506695e-04  -1.0555173e-02
   1.6000000e+02  -2.0211512e+00  -8.9200360e-04  -1.0502067e-02
   1.6100000e+02  -2.0239035e+00  -8.7910434e-04  -1.0449525e-02
   1.6200000e+02  -2.0266324e+00  -8.6636787e-04  -1.0397537e-02
   1.6300000e+02  -2.0293381e+00  -8.5379289e-04  -1.0346092e-02
   1.6400000e+02  -2.0320204e+00  -8.4137808e-04  -1.0295179e-02
   1.6500000e+02  -2.0346795e+00  -8.2912211e-04  -1.0244790e-02
   1.6600000e+02  -2.0373154e+00  -8.1702363e-04  -1.0194913e-02
   1.6700000e+02  -2.0399280e+00  -8.0508131e-04  -1.0145541e-02
   1.6800000e+02  -2.0425174e+00  -7.9329379e-04  -1.0096663e-02
   1.6900000e+02  -2.0450836e+00  -7.8165970e-04  -1.0048270e-02
   1.7000000e+02  -2.0476267e+00  -7.7017769e-04  -1.0000355e-02
   1.7100000e+02  -2.0501467e+00  -7.5884637e-04  -9.9529078e-03
   1.7200000e+02  -2.0526436e+00  -7.4766437e-04  -9.9059211e-03
   1.7300000e+02  -2.0551175e+00  -7.3663030e-04  -9.8593867e-03
   1.7400000e+02  -2.0575685e+00  -7.2574279e-04  -9.8132966e-03
   1.7500000e+02  -2.0599965e+00  -7.1500043e-04  -9.7676433e-03
   1.7600000e+02  -2.0624018e+00  -7.0440185e-04  -9.7224194e-03
   1.7700000e+02  -2.0647842e+00  -6.9394563e-04  -9.6776175e-03
   1.7800000e+02  -2.0671439e+00  -6.8363040e-04  -9.6332307e-03
   1.7900000e+02  -2.0694810e+00  -6.7345475e-04  -9.5892521e-03
   1.8000000e+02  -2.0717955e+00  -6.6341728e-04  -9.5456749e-03
   1.8100000e+02  -2.0740875e+00  -6.5351661e-04  -9.5024926e-03
   1.8200000e+02  -2.0763570e+00  -6.4375133e-04  -9.4596988e-03
   1.8300000e+02  -2.0786043e+00  -6.3412004e-04  -9.4172873e-03
   1.8400000e+02  -2.0808293e+00  -6.2462136e-04  -9.3752520e-03
   1.8500000e+02  -2.0830321e+00  -6.1525390e-04  -9.3335870e-03
   1.8600000e+02  -2.0852129e+00  -6.0601626e-04  -9.2922865e-03
   1.8700000e+02  -2.0873717e+00  -5.9690706e-04  -9.2513449e-03
   1.8800000e+02  -2.0895086e+00  -5.8792491e-04  -9.2107566e-03
   1.8900000e+02  -2.0916238e+00  -5.7906844e-04  -9.1705162e-03
   1.9000000e+02  -2.0937173e+00  -5.7033627e-04  -9.1306186e-03
   1.9100000e+02  -2.0957892e+00  -5.6172703e-04  -9.0910585e-03
   1.9200000e+02  -2.0978396e+00  -5.5323935e-04  -9.0518309e-03
   1.9300000e+02  -2.0998687e+00  -5.4487188e-04  -9.0129310e-03
   1.9400000e+02  -2.1018765e+00  -5.3662324e-04  -8.9743540e-03
   1.9500000e+02  -2.1038633e+00  -5.2849210e-04  -8.9360952e-03
   1.9600000e+02  -2.1058290e+00  -5.2047711e-04  -8.8981501e-03
   1.9700000e+02  -2.1077738e+00  -5.1257692e-04  -8.8605141e-03
   1.9800000e+02  -2.1096979e+00  -5.0479021e-04  -8.8231829e-03
   1.9900000e+02  -2.1116012e+00  -4.9711565e-04  -8.7861522e-03
   2.0000000e+02  -2.1134841e+00  -4.8955192e-04  -8.7494180e-03
   2.0100000e+02  -2.1153466e+00  -4.8209771e-04  -8.7129760e-03
   2.0200000e+02  -2.1171888e+00  -4.7475171e-04  -8.6768223e-03
   2.0300000e+02  -2.1190108e+00  -4.6751262e-04  -8.6409530e-03
   2.0400000e+02  -2.1208128e+00  -4.6037917e-04  -8.6053643e-03
   2.0500000e+02  -2.1225950e+00  -4.5335005e-04  -8.5700524e-03
   2.0600000e+02  -2.1243573e+00  -4.4642401e-04  -8.5350138e-03
   2.0700000e+02  -2.1261001e+00  -4.3959977e-04  -8.5002447e-03
   2.0800000e+02  -2.1278234e+00  -4.3287608e-04  -8.4657417e-03
   2.0900000e+02  -2.1295273e+00  -4.2625169e-04  -8.4315015e-03
   2.1000000e+02  -2.1312120e+00  -4.1972536e-04  -8.3975205e-03
   2.1100000e+02  -2.1328776e+00  -4.1329586e-04  -8.3637956e-03
   2.1200000e+02  -2.1345243e+00  -4.0696196e-04  -8.3303235e-03
   2.1300000e+02  -2.1361522e+00  -4.0072247e-04  -8.2971011e-03
   2.1400000e+02  -2.1377614e+00  -3.9457616e-04  -8.2641252e-03
   2.1500000e+02  -2.1393521e+00  -3.8852186e-04  -8.2313929e-03
   2.1600000e+02  -2.1409245e+00  -3.8255837e-04  -8.1989012e-03
   2.1700000e+02  -2.1424786e+00  -3.7668452e-04  -8.1666472e-03
   2.1800000e+02  -2.1440147e+00  -3.7089914e-04  -8.1346279e-03
   2.1900000e+02  -2.1455328e+00  -3.6520108e-04  -8.1028407e-03
   2.2000000e+02  -2.1470331e+00  -3.5958920e-04  -8.0712828e-03
   2.2100000e+02  -2.1485157e+00  -3.5406235e-04  -8.0399515e-03
   2.2200000e+02  -2.1499809e+00  -3.4861942e-04  -8.0088441e-03
   2.2300000e+02  -2.1514287e+00  -3.4325929e-04  -7.9779581e-03
   2.2400000e+02  -2.1528592e+00  -3.3798084e-04  -7.9472910e-03
   2.2500000e+02  -2.1542728e+00  -3.3278299e-04  -7.9168402e-03
   2.2600000e+02  -2.1556693e+00  -3.2766466e-04  -7.8866033e-03
   2.2700000e+02  -2.1570492e+00  -3.2262476e-04  -7.8565780e-03
   2.2800000e+02  -2.1584124e+00  -3.1766223e-04  -7.8267618e-03
   2.2900000e+02  -2.1597591e+00  -3.1277601e-04  -7.7971524e-03
   2.3000000e+02  -2.1610895e+00  -3.0796507e-04  -7.7677477e-03
   2.3100000e+02  -2.1624037e+00  -3.0322837e-04  -7.7385453e-03
   2.3200000e+02  -2.1637018e+00  -2.9856488e-04  -7.7095430e-03
   2.3300000e+02  -2.1649841e+00  -2.9397360e-04  -7.6807388e-03
   2.3400000e+02  -2.1662507e+00  -2.8945351e-04  -7.6521305e-03
   2.3500000e+02  -2.1675016e+00  -2.8500363e-04  -7.6237161e-03
   2.3600000e+02  -2.1687371e+00  -2.8062298e-04  -7.5954934e-03
   2.3700000e+02  -2.1699573e+00  -2.7631057e-04  -7.5674606e-03
   2.3800000e+02  -2.1711623e+00  -2.7206546e-04  -7.5396155e-03
   2.3900000e+02  -2.1723524e+00  -2.6788668e-04  -7.5119564e-03
   2.4000000e+02  -2.1735275e+00  -2.6377331e-04  -7.4844812e-03
   2.4100000e+02  -2.1746880e+00  -2.5972440e-04  -7.4571882e-03
   2.4200000e+02  -2.1758339e+00  -2.5573903e-04  -7.4300754e-03
   2.4300000e+02  -2.1769653e+00  -2.5181631e-04  -7.4031411e-03
   2.4400000e+02  -2.1780825e+00  -2.4795532e-04  -7.3763835e-03
   2.4500000e+02  -2.1791855e+00  -2.4415518e-04  -7.3498008e-03
   2.4600000e+02  -2.1802746e+00  -2.4041500e-04  -7.3233913e-03
   2.4700000e+02  -2.1813498e+00  -2.3673392e-04  -7.2971533e-03
   2.4800000e+02  -2.1824113e+00  -2.3311108e-04  -7.2710852e-03
   2.4900000e+02  -2.1834592e+00  -2.2954563e-04  -7.2451852e-03
   2.5000000e+02  -2.1844936e+00  -2.2603672e-04  -7.2194519e-03
   2.5100000e+02  -2.1855148e+00  -2.2258354e-04  -7.1938835e-03
   2.5200000e+02  -2.1865229e+00  -2.1918525e-04  -7.1684785e-03
   2.5300000e+02  -2.1875179e+00  -2.1584105e-04  -7.1432354e-03
   2.5400000e+02  -2.1885001e+00  -2.1255014e-04  -7.1181527e-03
   2.5500000e+02  -2.1894696e+00  -2.0931172e-04  -7.0932287e-03
   2.5600000e+02  -2.1904264e+00  -2.0612502e-04  -7.0684622e-03
