	2.0000000e+00   5.4744782e-01   1.1029682e-01   3.0346466e-01
   3.0000000e+00   2.5766837e-01   2.2788734e-02   9.3869509e-02
   4.0000000e+00   1.5957356e-01   1.2562200e-02   4.2187811e-02
   5.0000000e+00   1.1921659e-01   9.3177606e-03   2.4486955e-02
   6.0000000e+00   9.9436022e-02   7.2994385e-03   1.6637026e-02
   7.0000000e+00   8.8064364e-02   5.8379801e-03   1.2402391e-02
   8.0000000e+00   8.0668711e-02   4.7430749e-03   9.7917502e-03
   9.0000000e+00   7.5415348e-02   3.9037826e-03   8.0331055e-03
   1.0000000e+01   7.1441106e-02   3.2464521e-03   6.7739794e-03
   1.1000000e+01   6.8288713e-02   2.7219539e-03   5.8314917e-03
   1.2000000e+01   6.5691337e-02   2.2971237e-03   5.1013304e-03
   1.3000000e+01   6.3481712e-02   1.9489854e-03   4.5197498e-03
   1.4000000e+01   6.1549656e-02   1.6611085e-03   4.0457497e-03
   1.5000000e+01   5.9820137e-02   1.4213753e-03   3.6518954e-03
   1.6000000e+01   5.8240933e-02   1.2206063e-03   3.3192323e-03
   1.7000000e+01   5.6775186e-02   1.0516936e-03   3.0343073e-03
   1.8000000e+01   5.5396676e-02   9.0903588e-04   2.7873457e-03
   1.9000000e+01   5.4086692e-02   7.8815649e-04   2.5710971e-03
   2.0000000e+01   5.2831896e-02   6.8543736e-04   2.3800814e-03
   2.1000000e+01   5.1622829e-02   5.9792755e-04   2.2100853e-03
   2.2000000e+01   5.0452844e-02   5.2320223e-04   2.0578178e-03
   2.3000000e+01   4.9317329e-02   4.5925655e-04   1.9206701e-03
   2.4000000e+01   4.8213140e-02   4.0442439e-04   1.7965459e-03
   2.5000000e+01   4.7138179e-02   3.5731516e-04   1.6837387e-03
   2.6000000e+01   4.6091082e-02   3.1676404e-04   1.5808426e-03
   2.7000000e+01   4.5070989e-02   2.8179230e-04   1.4866865e-03
   2.8000000e+01   4.4077369e-02   2.5157544e-04   1.4002843e-03
   2.9000000e+01   4.3109896e-02   2.2541725e-04   1.3207982e-03
   3.0000000e+01   4.2168361e-02   2.0272872e-04   1.2475097e-03
   3.1000000e+01   4.1252603e-02   1.8301062e-04   1.1797982e-03
   3.2000000e+01   4.0362469e-02   1.6583915e-04   1.1171231e-03
   3.3000000e+01   3.9497782e-02   1.5085402e-04   1.0590112e-03
   3.4000000e+01   3.8658325e-02   1.3774848e-04   1.0050453e-03
   3.5000000e+01   3.7843832e-02   1.2626105e-04   9.5485603e-04
   3.6000000e+01   3.7053983e-02   1.1616856e-04   9.0811484e-04
   3.7000000e+01   3.6288401e-02   1.0728028e-04   8.6452817e-04
   3.8000000e+01   3.5546664e-02   9.9433027e-05   8.2383285e-04
   3.9000000e+01   3.4828300e-02   9.2487008e-05   7.8579226e-04
   4.0000000e+01   3.4132800e-02   8.6322336e-05   7.5019296e-04
   4.1000000e+01   3.3459619e-02   8.0836065e-05   7.1684200e-04
   4.2000000e+01   3.2808187e-02   7.5939696e-05   6.8556452e-04
   4.3000000e+01   3.2177910e-02   7.1557059e-05   6.5620174e-04
   4.4000000e+01   3.1568180e-02   6.7622515e-05   6.2860920e-04
   4.5000000e+01   3.0978380e-02   6.4079438e-05   6.0265527e-04
   4.6000000e+01   3.0407886e-02   6.0878914e-05   5.7821978e-04
   4.7000000e+01   2.9856071e-02   5.7978646e-05   5.5519291e-04
   4.8000000e+01   2.9322314e-02   5.5342011e-05   5.3347412e-04
   4.9000000e+01   2.8805995e-02   5.2937264e-05   5.1297126e-04
   5.0000000e+01   2.8306505e-02   5.0736855e-05   4.9359979e-04
   5.1000000e+01   2.7823245e-02   4.8716848e-05   4.7528203e-04
   5.2000000e+01   2.7355627e-02   4.6856417e-05   4.5794653e-04
   5.3000000e+01   2.6903076e-02   4.5137427e-05   4.4152754e-04
   5.4000000e+01   2.6465033e-02   4.3544064e-05   4.2596441e-04
   5.5000000e+01   2.6040955e-02   4.2062521e-05   4.1120124e-04
   5.6000000e+01   2.5630313e-02   4.0680731e-05   3.9718639e-04
   5.7000000e+01   2.5232595e-02   3.9388130e-05   3.8387212e-04
   5.8000000e+01   2.4847308e-02   3.8175466e-05   3.7121428e-04
   5.9000000e+01   2.4473973e-02   3.7034619e-05   3.5917199e-04
   6.0000000e+01   2.4112130e-02   3.5958456e-05   3.4770736e-04
   6.1000000e+01   2.3761336e-02   3.4940703e-05   3.3678525e-04
   6.2000000e+01   2.3421162e-02   3.3975833e-05   3.2637305e-04
   6.3000000e+01   2.3091198e-02   3.3058973e-05   3.1644044e-04
   6.4000000e+01   2.2771049e-02   3.2185817e-05   3.0695926e-04
   6.5000000e+01   2.2460336e-02   3.1352556e-05   2.9790328e-04
   6.6000000e+01   2.2158694e-02   3.0555816e-05   2.8924810e-04
   6.7000000e+01   2.1865775e-02   2.9792604e-05   2.8097096e-04
   6.8000000e+01   2.1581242e-02   2.9060258e-05   2.7305064e-04
   6.9000000e+01   2.1304775e-02   2.8356411e-05   2.6546736e-04
   7.0000000e+01   2.1036066e-02   2.7678949e-05   2.5820261e-04
   7.1000000e+01   2.0774820e-02   2.7025985e-05   2.5123912e-04
   7.2000000e+01   2.0520754e-02   2.6395830e-05   2.4456071e-04
   7.3000000e+01   2.0273597e-02   2.5786969e-05   2.3815227e-04
   7.4000000e+01   2.0033091e-02   2.5198040e-05   2.3199963e-04
   7.5000000e+01   1.9798987e-02   2.4627817e-05   2.2608950e-04
   7.6000000e+01   1.9571046e-02   2.4075194e-05   2.2040945e-04
   7.7000000e+01   1.9349043e-02   2.3539170e-05   2.1494778e-04
   7.8000000e+01   1.9132757e-02   2.3018837e-05   2.0969354e-04
   7.9000000e+01   1.8921982e-02   2.2513371e-05   2.0463641e-04
   8.0000000e+01   1.8716516e-02   2.2022022e-05   1.9976670e-04
   8.1000000e+01   1.8516169e-02   2.1544104e-05   1.9507530e-04
   8.2000000e+01   1.8320757e-02   2.1078989e-05   1.9055363e-04
   8.3000000e+01   1.8130105e-02   2.0626101e-05   1.8619362e-04
   8.4000000e+01   1.7944044e-02   2.0184912e-05   1.8198763e-04
   8.5000000e+01   1.7762413e-02   1.9754933e-05   1.7792850e-04
   8.6000000e+01   1.7585058e-02   1.9335712e-05   1.7400946e-04
   8.7000000e+01   1.7411831e-02   1.8926831e-05   1.7022409e-04
   8.8000000e+01   1.7242589e-02   1.8527902e-05   1.6656638e-04
   8.9000000e+01   1.7077198e-02   1.8138561e-05   1.6303060e-04
   9.0000000e+01   1.6915526e-02   1.7758472e-05   1.5961135e-04
   9.1000000e+01   1.6757449e-02   1.7387317e-05   1.5630354e-04
   9.2000000e+01   1.6602846e-02   1.7024800e-05   1.5310233e-04
   9.3000000e+01   1.6451603e-02   1.6670642e-05   1.5000314e-04
   9.4000000e+01   1.6303609e-02   1.6324579e-05   1.4700163e-04
   9.5000000e+01   1.6158758e-02   1.5986364e-05   1.4409370e-04
   9.6000000e+01   1.6016948e-02   1.5655761e-05   1.4127544e-04
   9.7000000e+01   1.5878082e-02   1.5332547e-05   1.3854314e-04
   9.8000000e+01   1.5742066e-02   1.5016511e-05   1.3589331e-04
   9.9000000e+01   1.5608809e-02   1.4707452e-05   1.3332259e-04
   1.0000000e+02   1.5478226e-02   1.4405176e-05   1.3082782e-04
   1.0100000e+02   1.5350232e-02   1.4109502e-05   1.2840598e-04
   1.0200000e+02   1.5224748e-02   1.3820252e-05   1.2605421e-04
   1.0300000e+02   1.5101697e-02   1.3537261e-05   1.2376977e-04
   1.0400000e+02   1.4981005e-02   1.3260365e-05   1.2155007e-04
   1.0500000e+02   1.4862600e-02   1.2989411e-05   1.1939263e-04
   1.0600000e+02   1.4746414e-02   1.2724249e-05   1.1729509e-04
   1.0700000e+02   1.4632381e-02   1.2464737e-05   1.1525520e-04
   1.0800000e+02   1.4520438e-02   1.2210736e-05   1.1327083e-04
   1.0900000e+02   1.4410523e-02   1.1962113e-05   1.1133993e-04
   1.1000000e+02   1.4302577e-02   1.1718739e-05   1.0946053e-04
   1.1100000e+02   1.4196545e-02   1.1480491e-05   1.0763079e-04
   1.1200000e+02   1.4092370e-02   1.1247247e-05   1.0584892e-04
   1.1300000e+02   1.3990001e-02   1.1018891e-05   1.0411322e-04
   1.1400000e+02   1.3889386e-02   1.0795311e-05   1.0242205e-04
   1.1500000e+02   1.3790477e-02   1.0576397e-05   1.0077388e-04
   1.1600000e+02   1.3693227e-02   1.0362042e-05   9.9167206e-05
   1.1700000e+02   1.3597589e-02   1.0152145e-05   9.7600608e-05
   1.1800000e+02   1.3503520e-02   9.9466043e-06   9.6072723e-05
   1.1900000e+02   1.3410977e-02   9.7453233e-06   9.4582245e-05
   1.2000000e+02   1.3319919e-02   9.5482073e-06   9.3127924e-05
   1.2100000e+02   1.3230307e-02   9.3551644e-06   9.1708561e-05
   1.2200000e+02   1.3142103e-02   9.1661051e-06   9.0323008e-05
   1.2300000e+02   1.3055269e-02   8.9809423e-06   8.8970163e-05
   1.2400000e+02   1.2969770e-02   8.7995912e-06   8.7648969e-05
   1.2500000e+02   1.2885572e-02   8.6219692e-06   8.6358410e-05
   1.2600000e+02   1.2802641e-02   8.4479957e-06   8.5097515e-05
   1.2700000e+02   1.2720945e-02   8.2775922e-06   8.3865346e-05
   1.2800000e+02   1.2640452e-02   8.1106822e-06   8.2661008e-05
   1.2900000e+02   1.2561133e-02   7.9471910e-06   8.1483635e-05
   1.3000000e+02   1.2482959e-02   7.7870457e-06   8.0332400e-05
   1.3100000e+02   1.2405900e-02   7.6301755e-06   7.9206503e-05
   1.3200000e+02   1.2329931e-02   7.4765107e-06   7.8105180e-05
   1.3300000e+02   1.2255024e-02   7.3259839e-06   7.7027690e-05
   1.3400000e+02   1.2181155e-02   7.1785287e-06   7.5973326e-05
   1.3500000e+02   1.2108297e-02   7.0340807e-06   7.4941402e-05
   1.3600000e+02   1.2036428e-02   6.8925768e-06   7.3931262e-05
   1.3700000e+02   1.1965524e-02   6.7539553e-06   7.2942271e-05
   1.3800000e+02   1.1895562e-02   6.6181561e-06   7.1973819e-05
   1.3900000e+02   1.1826521e-02   6.4851203e-06   7.1025318e-05
   1.4000000e+02   1.1758379e-02   6.3547904e-06   7.0096200e-05
   1.4100000e+02   1.1691116e-02   6.2271103e-06   6.9185919e-05
   1.4200000e+02   1.1624713e-02   6.1020249e-06   6.8293947e-05
   1.4300000e+02   1.1559149e-02   5.9794806e-06   6.7419776e-05
   1.4400000e+02   1.1494407e-02   5.8594247e-06   6.6562915e-05
   1.4500000e+02   1.1430468e-02   5.7418060e-06   6.5722890e-05
   1.4600000e+02   1.1367314e-02   5.6265742e-06   6.4899245e-05
   1.4700000e+02   1.1304929e-02   5.5136802e-06   6.4091536e-05
   1.4800000e+02   1.1243296e-02   5.4030757e-06   6.3299339e-05
   1.4900000e+02   1.1182398e-02   5.2947140e-06   6.2522241e-05
   1.5000000e+02   1.1122221e-02   5.1885488e-06   6.1759844e-05
   1.5100000e+02   1.1062749e-02   5.0845352e-06   6.1011763e-05
   1.5200000e+02   1.1003967e-02   4.9826292e-06   6.0277626e-05
   1.5300000e+02   1.0945861e-02   4.8827875e-06   5.9557073e-05
   1.5400000e+02   1.0888417e-02   4.7849681e-06   5.8849757e-05
   1.5500000e+02   1.0831622e-02   4.6891296e-06   5.8155340e-05
   1.5600000e+02   1.0775463e-02   4.5952316e-06   5.7473498e-05
   1.5700000e+02   1.0719927e-02   4.5032345e-06   5.6803914e-05
   1.5800000e+02   1.0665001e-02   4.4130997e-06   5.6146284e-05
   1.5900000e+02   1.0610673e-02   4.3247891e-06   5.5500313e-05
   1.6000000e+02   1.0556933e-02   4.2382656e-06   5.4865713e-05
   1.6100000e+02   1.0503768e-02   4.1534930e-06   5.4242209e-05
   1.6200000e+02   1.0451167e-02   4.0704356e-06   5.3629530e-05
   1.6300000e+02   1.0399119e-02   3.9890585e-06   5.3027418e-05
   1.6400000e+02   1.0347615e-02   3.9093278e-06   5.2435620e-05
   1.6500000e+02   1.0296644e-02   3.8312098e-06   5.1853891e-05
   1.6600000e+02   1.0246195e-02   3.7546721e-06   5.1281994e-05
   1.6700000e+02   1.0196260e-02   3.6796824e-06   5.0719699e-05
   1.6800000e+02   1.0146829e-02   3.6062094e-06   5.0166783e-05
   1.6900000e+02   1.0097893e-02   3.5342225e-06   4.9623030e-05
   1.7000000e+02   1.0049443e-02   3.4636914e-06   4.9088229e-05
   1.7100000e+02   1.0001470e-02   3.3945868e-06   4.8562177e-05
   1.7200000e+02   9.9539658e-03   3.3268797e-06   4.8044676e-05
   1.7300000e+02   9.9069222e-03   3.2605418e-06   4.7535534e-05
   1.7400000e+02   9.8603312e-03   3.1955455e-06   4.7034563e-05
   1.7500000e+02   9.8141849e-03   3.1318637e-06   4.6541584e-05
   1.7600000e+02   9.7684758e-03   3.0694697e-06   4.6056419e-05
   1.7700000e+02   9.7231964e-03   3.0083375e-06   4.5578897e-05
   1.7800000e+02   9.6783396e-03   2.9484416e-06   4.5108853e-05
   1.7900000e+02   9.6338982e-03   2.8897570e-06   4.4646124e-05
   1.8000000e+02   9.5898654e-03   2.8322592e-06   4.4190554e-05
   1.8100000e+02   9.5462346e-03   2.7759243e-06   4.3741990e-05
   1.8200000e+02   9.5029991e-03   2.7207288e-06   4.3300283e-05
   1.8300000e+02   9.4601526e-03   2.6666496e-06   4.2865289e-05
   1.8400000e+02   9.4176889e-03   2.6136642e-06   4.2436867e-05
   1.8500000e+02   9.3756019e-03   2.5617504e-06   4.2014880e-05
   1.8600000e+02   9.3338857e-03   2.5108868e-06   4.1599196e-05
   1.8700000e+02   9.2925346e-03   2.4610519e-06   4.1189684e-05
   1.8800000e+02   9.2515428e-03   2.4122251e-06   4.0786218e-05
   1.8900000e+02   9.2109049e-03   2.3643860e-06   4.0388677e-05
   1.9000000e+02   9.1706155e-03   2.3175146e-06   3.9996940e-05
   1.9100000e+02   9.1306694e-03   2.2715915e-06   3.9610890e-05
   1.9200000e+02   9.0910613e-03   2.2265973e-06   3.9230415e-05
   1.9300000e+02   9.0517864e-03   2.1825135e-06   3.8855403e-05
   1.9400000e+02   9.0128398e-03   2.1393215e-06   3.8485748e-05
   1.9500000e+02   8.9742166e-03   2.0970034e-06   3.8121344e-05
   1.9600000e+02   8.9359122e-03   2.0555415e-06   3.7762089e-05
   1.9700000e+02   8.8979220e-03   2.0149185e-06   3.7407883e-05
   1.9800000e+02   8.8602415e-03   1.9751175e-06   3.7058629e-05
   1.9900000e+02   8.8228665e-03   1.9361218e-06   3.6714233e-05
   2.0000000e+02   8.7857926e-03   1.8979152e-06   3.6374601e-05
   2.0100000e+02   8.7490156e-03   1.8604817e-06   3.6039645e-05
   2.0200000e+02   8.7125316e-03   1.8238057e-06   3.5709275e-05
   2.0300000e+02   8.6763364e-03   1.7878718e-06   3.5383406e-05
   2.0400000e+02   8.6404262e-03   1.7526651e-06   3.5061954e-05
   2.0500000e+02   8.6047973e-03   1.7181709e-06   3.4744838e-05
   2.0600000e+02   8.5694457e-03   1.6843748e-06   3.4431977e-05
   2.0700000e+02   8.5343680e-03   1.6512625e-06   3.4123295e-05
   2.0800000e+02   8.4995605e-03   1.6188204e-06   3.3818714e-05
   2.0900000e+02   8.4650196e-03   1.5870347e-06   3.3518162e-05
   2.1000000e+02   8.4307421e-03   1.5558923e-06   3.3221564e-05
   2.1100000e+02   8.3967245e-03   1.5253802e-06   3.2928852e-05
   2.1200000e+02   8.3629635e-03   1.4954855e-06   3.2639954e-05
   2.1300000e+02   8.3294559e-03   1.4661957e-06   3.2354804e-05
   2.1400000e+02   8.2961986e-03   1.4374987e-06   3.2073337e-05
   2.1500000e+02   8.2631884e-03   1.4093823e-06   3.1795486e-05
   2.1600000e+02   8.2304224e-03   1.3818349e-06   3.1521190e-05
   2.1700000e+02   8.1978975e-03   1.3548449e-06   3.1250386e-05
   2.1800000e+02   8.1656109e-03   1.3284009e-06   3.0983015e-05
   2.1900000e+02   8.1335597e-03   1.3024921e-06   3.0719017e-05
   2.2000000e+02   8.1017411e-03   1.2771074e-06   3.0458336e-05
   2.2100000e+02   8.0701524e-03   1.2522362e-06   3.0200914e-05
   2.2200000e+02   8.0387908e-03   1.2278682e-06   2.9946696e-05
   2.2300000e+02   8.0076537e-03   1.2039931e-06   2.9695629e-05
   2.2400000e+02   7.9767386e-03   1.1806010e-06   2.9447661e-05
   2.2500000e+02   7.9460429e-03   1.1576820e-06   2.9202739e-05
   2.2600000e+02   7.9155641e-03   1.1352265e-06   2.8960812e-05
   2.2700000e+02   7.8852998e-03   1.1132251e-06   2.8721833e-05
   2.2800000e+02   7.8552475e-03   1.0916686e-06   2.8485752e-05
   2.2900000e+02   7.8254049e-03   1.0705479e-06   2.8252521e-05
   2.3000000e+02   7.7957698e-03   1.0498543e-06   2.8022096e-05
   2.3100000e+02   7.7663397e-03   1.0295789e-06   2.7794430e-05
   2.3200000e+02   7.7371125e-03   1.0097134e-06   2.7569479e-05
   2.3300000e+02   7.7080860e-03   9.9024937e-07   2.7347199e-05
   2.3400000e+02   7.6792581e-03   9.7117867e-07   2.7127549e-05
   2.3500000e+02   7.6506266e-03   9.5249329e-07   2.6910485e-05
   2.3600000e+02   7.6221894e-03   9.3418540e-07   2.6695969e-05
   2.3700000e+02   7.5939445e-03   9.1624732e-07   2.6483958e-05
   2.3800000e+02   7.5658899e-03   8.9867152e-07   2.6274415e-05
   2.3900000e+02   7.5380237e-03   8.8145063e-07   2.6067301e-05
   2.4000000e+02   7.5103438e-03   8.6457743e-07   2.5862578e-05
   2.4100000e+02   7.4828484e-03   8.4804484e-07   2.5660209e-05
   2.4200000e+02   7.4555356e-03   8.3184592e-07   2.5460159e-05
   2.4300000e+02   7.4284035e-03   8.1597388e-07   2.5262391e-05
   2.4400000e+02   7.4014503e-03   8.0042206e-07   2.5066871e-05
   2.4500000e+02   7.3746743e-03   7.8518393e-07   2.4873565e-05
   2.4600000e+02   7.3480737e-03   7.7025310e-07   2.4682439e-05
   2.4700000e+02   7.3216468e-03   7.5562332e-07   2.4493462e-05
   2.4800000e+02   7.2953918e-03   7.4128843e-07   2.4306599e-05
   2.4900000e+02   7.2693071e-03   7.2724244e-07   2.4121821e-05
   2.5000000e+02   7.2433910e-03   7.1347945e-07   2.3939096e-05
   2.5100000e+02   7.2176419e-03   6.9999369e-07   2.3758394e-05
   2.5200000e+02   7.1920582e-03   6.8677951e-07   2.3579685e-05
   2.5300000e+02   7.1666384e-03   6.7383136e-07   2.3402940e-05
   2.5400000e+02   7.1413808e-03   6.6114381e-07   2.3228130e-05
   2.5500000e+02   7.1162840e-03   6.4871156e-07   2.3055227e-05
   2.5600000e+02   7.0913464e-03   6.3652939e-07   2.2884204e-05
